30,4
30,3
30,2
30,1
30,0
29,5
29,4
29,3
29,2
29,1
29,0
28,3
28,2
28,1
28,0
27,3
27,2
27,1
27,0
26,4
26,3
26,2
26,1
26,0
25,4
25,3
25,2
25,1
25,0
24,4
24,3
24,2
24,1
24,0
23,3
23,2
23,1
23,0
22,4
22,3
22,2
22,1
22,0
21,4
21,3
21,2
21,1
21,0
20,6
20,5
20,4
20,3
20,2
20,1
20,0
19,4
19,3
19,2
19,1
19,0
18,4
18,3
18,2
18,1
18,0
17,4
17,3
17,2
17,1
17,0
16,5
16,4
16,3
16,2
16,1
16,0
15,4
15,3
15,2
15,1
15,0
14,3
14,2
14,1
14,0
13,8
13,7
13,6
13,5
13,4
13,3
13,2
13,1
13,0
12,5
12,4
12,3
12,2
12,1
12,0
11,3
11,2
11,1
11,0
10,6
10,5
10,4
10,3
10,2
10,1
10,0
9,4
9,3
9,2
9,1
9,0
8,4
8,3
8,2
8,1
8,0
7,3
5,24
5,23
5,22
5,21
5,20
5,19
5,18
5,17
5,16
5,15
5,14
5,13
5,12
5,11
5,10
5,9
5,8
5,7
5,6
5,5
5,4
5,3
5,2
5,0
4,5
4,4
4,3
4,2
4,0
3,2
3,0
2,2
2,0
1,2
1,0
0,255
0,253
0,193
0,61
0,60
0,58
0,57
0,53
0,52
0,51
0,9
0,2
0,0
0,192
0,59
0,55
31,0
31,1
31,3
32,0
32,2
32,3
32,5
33,1
33,2
34,0
34,1
34,3
35,1
35,2
36,0
36,1
36,3
36,4
36,6
37,1
37,2
37,4
38,0
38,2
38,4
39,0
39,2
39,3
40,0
40,1
40,3
40,5
41,0
41,2
41,3
41,5
42,0
42,1
42,3
42,4
42,6
42,7
43,1
43,3
43,4
44,0
44,1
44,3
45,1
45,2
45,4
45,5
46,1
46,3
46,4
46,6
46,7
47,1
47,2
47,4
48,1
48,2
48,4
49,0
49,2
49,4
50,0
50,2
50,3
51,0
51,1
51,3
51,5
51,6
52,1
52,2
52,4
53,1
53,2
53,4
54,0
54,2
54,3
55,0
55,2
55,3
56,0
56,1
56,3
57,0
57,1
57,3
57,4
58,1
58,3
58,4
59,0
59,1
59,3
59,4
59,6
60,0
60,1
60,3
60,4
60,6
61,1
61,2
61,4
62,0
62,2
62,3
62,5
62,7
62,8
63,0
63,1
63,3
64,0
64,1
64,3
64,4
65,1
65,2
66,0
66,2
66,3
66,5
67,0
67,2
67,4
68,0
68,2
68,3
69,0
69,1
69,3
70,1
70,2
70,4
71,0
71,2
71,4
71,5
72,0
72,1
72,3
73,0
73,1
73,3
73,4
74,1
74,2
74,4
75,1
75,2
75,4
76,0
76,2
76,4
76,5
77,0
77,1
77,3
78,0
78,2
79,0
79,1
79,3
79,4
80,0
80,2
80,3
82,0
82,1
82,3
82,4
82,6
83,1
83,2
83,4
83,5
84,1
84,3
84,4
85,1
85,2
85,4
86,1
86,2
87,0
87,1
87,3
87,4
88,0
88,2
88,3
89,0
89,1
89,3
89,5
90,0
90,2
90,3
91,0
91,1
91,3
92,1
92,2
92,4
93,0
93,2
93,4
94,0
94,2
94,3
95,0
95,1
95,3
96,1
96,2
96,4
97,0
97,2
97,4
98,0
98,2
98,3
99,1
99,2
99,4
99,6
99,7
100,1
100,2
100,4
101,1
101,2
101,4
102,0
102,2
102,4
103,0
103,2
103,3
103,5
103,6
104,1
104,3
105,0
105,2
105,3
106,1
106,3
107,0
107,2
107,3
108,1
108,2
108,4
109,1
109,2
110,0
110,1
110,3
111,1
111,2
112,0
112,1
112,3
112,4
113,0
113,2
113,3
114,0
114,1
114,3
115,1
115,2
116,0
116,1
116,3
117,0
117,1
117,3
118,0
118,2
118,3
119,1
119,3
119,4
119,6
120,0
120,2
120,4
121,0
121,2
121,3
121,5
121,6
122,1
122,3
123,0
123,2
123,3
124,1
124,3
124,4
125,0
125,1
125,3
125,4
125,6
126,1
126,2
127,0
127,1
127,3
128,1
128,2
129,0
129,1
129,3
130,0
130,1
130,3
131,0
131,2
131,3
132,1
132,3
132,4
132,6
132,7
132,9
133,0
133,1
133,3
133,4
133,6
133,7
134,0
134,2
134,3
135,0
135,1
135,3
136,0
136,1
136,3
136,4
136,6
136,7
136,9
137,0
137,1
137,3
138,0
138,2
138,4
138,5
138,7
139,0
139,2
139,3
140,0
140,2
140,3
141,1
141,2
141,4
142,0
142,1
142,3
142,4
143,1
143,3
143,4
143,6
144,0
144,2
144,3
144,5
145,1
145,2
146,0
146,1
146,3
147,0
147,1
147,3
148,0
148,2
148,3
149,1
149,3
149,4
150,1
150,2
151,0
151,2
151,3
151,5
152,0
152,2
152,3
153,0
153,2
153,3
154,0
154,1
154,3
154,5
155,0
155,2
155,3
156,1
156,3
156,4
157,1
157,2
158,0
158,1
158,3
159,1
159,2
159,4
160,0
160,2
160,4
160,5
161,1
161,2
161,4
162,0
162,2
162,4
162,5
162,7
163,0
163,2
163,4
163,5
163,7
164,0
164,2
164,3
164,5
164,7
165,0
165,2
165,3
165,5
166,1
166,2
166,4
167,0
167,2
167,3
168,0
168,2
168,3
169,0
169,1
169,3
169,5
170,0
170,2
170,3
171,0
171,2
171,3
172,0
172,1
172,3
172,4
172,6
172,8
172,9
173,0
173,1
173,3
174,1
174,2
175,0
175,1
175,3
175,4
176,1
176,3
177,0
177,2
177,3
178,0
178,2
178,3
178,5
178,6
179,1
179,2
180,0
180,2
180,3
181,0
181,1
181,3
182,0
182,1
182,3
183,0
183,2
183,4
183,5
184,0
184,1
184,3
184,4
185,1
185,3
185,4
186,0
186,1
186,3
187,1
187,2
188,0
188,1
188,3
189,0
189,2
190,0
190,1
190,3
190,4
191,1
191,3
192,0
192,2
192,3
193,1
193,2
193,4
194,1
194,2
194,4
195,0
195,2
195,4
195,5
195,7
195,8
196,1
196,2
197,0
197,2
197,3
199,1
199,2
199,4
200,1
200,2
200,4
201,0
201,2
201,4
202,0
202,2
202,3
203,0
203,1
203,3
204,1
204,2
204,4
204,5
205,1
205,3
206,0
206,2
206,3
207,0
207,1
207,3
208,0
208,1
208,3
208,4
209,0
209,2
209,3
210,1
210,2
210,4
210,5
211,1
211,3
212,0
212,2
212,3
217,0
217,2
217,3
217,5
217,6
223,1
223,3
223,4
229,1
229,2
229,4
229,5
232,0
232,2
232,3
232,5
232,6
233,1
233,3
233,4
234,1
234,2
234,4
235,0
235,2
235,4
236,0
236,2
236,3
237,0
237,2
237,3
237,5
238,0
238,2
238,3
239,0
239,2
239,3
240,0
240,1
240,3
241,0
241,1
241,3
241,4
242,1
242,3
242,4
243,0
243,1
243,3
243,4
244,0
244,2
244,3
244,5
244,6
245,0
245,2
245,3
245,5
246,0
246,2
246,3
247,0
247,2
247,3
247,5
248,0
248,2
248,4
249,0
249,2
249,3
250,0
250,1
250,3
251,0
251,1
251,3
253,0
253,2
253,4
254,0
254,2
254,3
254,5
254,6
255,1
255,3
255,4
255,6
255,7
255,9
255,11
256,0
256,2
256,3
256,5
257,1
257,2
257,4
258,0
258,2
258,3
259,0
259,2
259,3
260,1
260,2
260,3
260,0
259,1
258,4
258,1
257,3
257,0
256,4
256,1
255,10
255,8
255,5
255,2
255,0
254,4
254,1
253,3
253,1
251,2
250,4
250,2
249,4
249,1
248,3
248,1
247,4
247,1
246,4
246,1
245,4
245,1
244,7
244,4
244,1
243,5
243,2
242,5
242,2
242,0
241,2
240,4
240,2
239,4
239,1
238,4
238,1
237,4
237,1
236,4
236,1
235,3
235,1
234,3
234,0
233,2
233,0
232,4
232,1
229,6
229,3
229,0
223,2
223,0
217,4
217,1
212,4
212,1
211,2
211,0
210,3
210,0
209,1
208,5
208,2
207,4
207,2
206,4
206,1
205,2
205,0
204,3
204,0
203,2
202,4
202,1
201,3
201,1
200,3
200,0
199,3
199,0
197,1
196,3
196,0
195,6
195,3
195,1
194,3
194,0
193,3
193,0
192,1
191,2
191,0
190,2
189,3
189,1
188,2
187,3
187,0
186,2
185,5
185,2
185,0
184,2
183,6
183,3
183,1
182,2
181,4
181,2
180,4
180,1
179,3
179,0
178,4
178,1
177,4
177,1
176,2
176,0
175,2
174,3
174,0
173,2
172,10
172,7
172,5
172,2
171,4
171,1
170,4
170,1
169,4
169,2
168,4
168,1
167,4
167,1
166,3
166,0
165,4
165,1
164,6
164,4
164,1
163,6
163,3
163,1
162,6
162,3
162,1
161,3
161,0
160,3
160,1
159,3
159,0
158,2
157,3
157,0
156,2
156,0
155,1
154,4
154,2
153,4
153,1
152,4
152,1
151,4
151,1
150,3
150,0
149,2
149,0
148,1
147,2
146,4
146,2
145,3
145,0
144,4
144,1
143,5
143,2
143,0
142,2
141,5
141,3
141,0
140,1
139,4
139,1
138,6
138,3
138,1
137,2
136,10
136,8
136,5
136,2
135,4
135,2
134,4
134,1
133,8
133,5
133,2
132,10
132,8
132,5
132,2
132,0
131,1
130,2
129,4
129,2
128,3
128,0
127,2
126,3
126,0
125,5
125,2
124,5
124,2
124,0
123,1
122,2
122,0
121,4
121,1
120,3
120,1
119,5
119,2
119,0
118,1
117,2
116,4
116,2
115,3
115,0
114,2
113,4
113,1
112,5
112,2
111,3
111,0
110,2
109,3
109,0
108,3
108,0
107,1
106,2
106,0
105,1
104,2
104,0
103,4
103,1
102,3
102,1
101,3
101,0
100,3
100,0
99,5
99,3
99,0
98,1
97,3
97,1
96,3
96,0
95,2
94,4
94,1
93,3
93,1
92,3
92,0
91,2
90,4
90,1
89,4
89,2
88,4
88,1
87,5
87,2
86,3
86,0
85,3
85,0
84,2
84,0
83,3
83,0
82,5
82,2
80,4
80,1
79,5
79,2
78,3
78,1
77,2
76,6
76,3
76,1
75,3
75,0
74,3
74,0
73,2
72,4
72,2
71,6
71,3
71,1
70,3
70,0
69,2
68,4
68,1
67,3
67,1
66,4
66,1
65,3
65,0
64,2
63,4
63,2
62,9
62,6
62,4
62,1
61,3
61,0
60,5
60,2
59,7
59,5
59,2
58,5
58,2
58,0
57,2
56,4
56,2
55,4
55,1
54,4
54,1
53,3
53,0
52,3
52,0
51,4
51,2
50,4
50,1
49,3
49,1
48,3
48,0
47,3
47,0
46,5
46,2
46,0
45,3
45,0
44,2
43,5
43,2
43,0
42,5
42,2
41,6
41,4
41,1
40,4
40,2
39,4
39,1
38,3
38,1
37,3
37,0
36,5
36,2
35,3
35,0
34,2
33,3
33,0
32,4
32,1
31,2
0,63
1,45
3,44
2,44
1,44
3,43
2,43
1,43
3,42
2,42
1,42
3,41
2,41
1,41
3,40
2,40
1,40
3,39
2,39
1,39
3,38
2,38
1,38
3,37
2,37
1,37
3,36
2,36
1,36
3,35
2,200
2,35
1,200
1,35
3,198
3,34
2,199
2,34
1,199
1,34
3,197
3,33
2,198
2,33
1,198
1,33
3,196
3,32
2,197
2,32
1,197
1,32
3,195
3,31
2,196
2,31
1,196
1,31
3,194
3,30
2,195
2,30
1,195
1,30
3,193
3,29
2,194
2,29
1,194
1,29
3,192
3,28
2,193
2,28
1,193
1,28
3,63
3,27
2,192
2,27
1,192
1,27
3,62
3,26
2,63
2,26
1,63
1,26
3,61
3,25
2,62
2,25
1,62
1,25
3,60
3,24
2,61
2,24
1,61
1,24
3,59
3,23
2,60
2,23
1,60
1,23
3,58
3,22
2,59
2,22
1,59
1,22
3,57
3,21
2,58
2,21
1,55
1,21
3,56
3,20
2,57
2,20
1,57
1,20
3,55
3,19
2,56
2,19
1,56
1,19
3,54
3,18
2,55
2,18
1,54
1,18
3,53
3,17
2,54
2,17
1,53
1,17
3,16
2,16
1,16
3,15
2,15
1,15
3,14
2,14
1,14
3,13
2,13
1,13
3,12
2,12
1,12
3,11
2,11
1,11
3,10
2,10
1,10
3,9
2,49
2,9
1,49
1,9
3,8
2,48
2,8
1,48
1,8
3,7
2,7
1,7
3,6
2,6
1,6
3,45
3,5
2,45
2,5
1,5
3,4
2,4
1,4
3,3
2,3
1,3
0,6
0,47
0,46
0,49
0,48
0,45
0,56
0,12
0,50
0,10
0,62
0,8
0,54
0,11
0,5
0,7
0,4
0,3
